8.295832099029588624e-01
1.410194977257644977e-01
9.564232289732305103e-01
1.856510254699899054e-01
2.733109392779098368e-01
8.619833175892392951e-01
4.124691769959811793e-01
9.239044181702319447e-01
9.056327024251699109e-01
3.493790434825955193e-01
1.350700923463171721e-01
5.591715558454825041e-01
1.816028980441837248e-01
3.316424255309766700e-01
5.857603860668233464e-01
5.092889949176685471e-01
8.241883122409534579e-01
8.905329139933868543e-01
1.305400620118271071e-01
8.752650288144915303e-01
3.456311206300115568e-01
9.189353435326252928e-02
4.906777458239922618e-01
9.259114586282158887e-01
8.760134071540680578e-01
2.015768448431977111e-01
2.318348772050027318e-02
5.897867827694136533e-01
6.209176330046383141e-01
9.060610434157068127e-03
8.545054133284231135e-01
2.789616647550507977e-01
4.036472355315442462e-01
7.586514147109288952e-01
3.651942458653310020e-01
1.806471879617024268e-01
2.044864592051580665e-01
6.258536967561439956e-01
8.430855435668653808e-01
4.955359034970377996e-01
1.371296015125089696e-02
4.367059056968979336e-01
4.611880671433311596e-01
4.839593232040282356e-01
4.345698775040083284e-01
6.193758657281711599e-02
6.686184494252355170e-01
5.627647392003691795e-01
2.848870137340114850e-01
8.154945589390302230e-01
8.607845570722320039e-01
4.344614517267365583e-01
8.537752523266638471e-01
6.929296050343278779e-01
6.507489152163903334e-02
5.615813116845335129e-01
8.023228984379916495e-01
1.454106515705193559e-01
3.729086751505206188e-02
7.304883046965245930e-01
8.940596773516357176e-01
7.983720710103028306e-01
6.012036628679801042e-01
8.827470214151189598e-01
4.641784184635308064e-01
9.050489945736173159e-02
5.417097433374451487e-02
8.001086935588863636e-02
7.519457391818354930e-01
5.102176412125662974e-01
3.754939661626484071e-01
4.884484818111798354e-01
4.180562277150540185e-01
4.328381418317861495e-02
2.435375335575613587e-01
6.965199284848122563e-01
3.206133273690648933e-01
1.717965820062944404e-01
6.725752879733681855e-01
8.163932122936119473e-01
4.500420775535695084e-01
5.909554523036977258e-01
4.265583704182277502e-01
2.164563494732230087e-02
9.973510989132716720e-01
8.429464431322818418e-01
6.753645897940036003e-01
3.472425216652696989e-03
3.103301862218823537e-01
5.556537582577933954e-01
8.358170725388548439e-01
6.206298682334610017e-02
1.569608978024729096e-01
8.143889786542526377e-01
2.244354587106694998e-01
1.737277614874789267e-01
1.887597355910761721e-01
9.647250826000381974e-01
7.726955165277704651e-01
9.685307212170291002e-01
