0.529588848859813
0.8795326208775133
0.2511085743049293
0.5385993096979219
0.8049667613548542
0.9467184468712027
0.9766475300858798
0.7921239544769081
0.18569637724140997
0.055173585996196706
0.49988692780114485
0.2867054070161329
0.048627459173832266
0.32387661549756774
0.9716994504723814
0.7006632508907136
0.7858460912005829
0.18508984486685265
0.8161963886641462
0.8619481685553674
0.1386243709341134
0.7700791214362422
0.6332406822692677
0.4147166825270381
0.3831970660432894
0.7205869093110454
0.4746484197334182
0.7260520658432656
0.6538593284721205
0.8331276592639917
0.6678540803493872
0.2049781719858842
0.942193575486723
0.7607786689285057
0.23528970093977597
0.7752454314875094
0.7441699313951605
0.42336770985384453
0.07351678349658253
0.16303049025539207
0.23858337030022658
0.7154490725143928
0.9520138685619935
0.5541046061773188
0.018986805112423788
0.3593558614728002
0.6375016110479095
0.6613774723407436
0.5385560096207355
0.8153385995761736
0.4740504919500641
0.6318355602896585
0.5482806033932204
0.5886326555325361
0.9171489865864199
0.02129023196510016
0.5498598534823936
0.7158926360624078
0.7157912086548489
0.18313884019274773
0.9694407249501003
0.8298747216317858
0.11489391487678846
0.8542991670671194
0.13251425713470222
0.45433537116174194
0.33875351003407106
0.751710691171249
0.0575620912260848
0.5290314762973121
0.8416885369097324
0.5678420902226947
0.8435251700936486
0.20672001626491388
0.17728238767599613
0.6438416947169953
0.6689476658916734
0.2560093392736782
0.13323148482174196
0.575135655462674
0.6844616432920474
0.651275630418612
0.15538310162858282
0.23748782073647035
0.4270438234805276
0.6280850915622077
0.8426873299792658
0.5687840697341576
0.99748989067802
0.5607397024184579
0.13760753981121654
0.7631402044033586
0.5692371010007222
0.7459920144410201
0.8823288595503233
0.9880111106298111
0.45529829168718117
0.33661765994114823
0.7940027805274198
0.998418818028654
